Process ID: 212216
Measurement Description: Hessian Block Interaction Measurement

[[ 0.      , -0.109198,  0.035415],
 [-0.109198,  0.      , -0.065241],
 [ 0.035415, -0.065241,  0.      ]]
Process ID: 212589
Measurement Description: Hessian Block Interaction Measurement

[[0.      , 0.689935, 0.354824],
 [0.689935, 0.      , 0.321714],
 [0.354824, 0.321714, 0.      ]]
Process ID: 213452
Measurement Description: Hessian Block Interaction Measurement

[[0.      , 0.019895, 0.016313],
 [0.019895, 0.      , 0.002893],
 [0.016313, 0.002893, 0.      ]]
[[0.      , 0.005221, 0.021477],
 [0.005221, 0.      , 0.045618],
 [0.021477, 0.045618, 0.      ]]
[[0.      , 0.064395, 0.080783],
 [0.064395, 0.      , 0.284058],
 [0.080783, 0.284058, 0.      ]]
[[0.      , 0.211677, 0.201394],
 [0.211677, 0.      , 0.744081],
 [0.201394, 0.744081, 0.      ]]
[[0.      , 0.443815, 0.625132],
 [0.443815, 0.      , 0.134486],
 [0.625132, 0.134486, 0.      ]]
[[0.      , 0.50168 , 0.670551],
 [0.50168 , 0.      , 0.041655],
 [0.670551, 0.041655, 0.      ]]
[[0.      , 0.377459, 0.859575],
 [0.377459, 0.      , 0.070473],
 [0.859575, 0.070473, 0.      ]]
[[0.      , 0.178553, 0.322503],
 [0.178553, 0.      , 1.056875],
 [0.322503, 1.056875, 0.      ]]
[[0.      , 0.256086, 1.33189 ],
 [0.256086, 0.      , 0.832619],
 [1.33189 , 0.832619, 0.      ]]
[[0.      , 0.165718, 0.35341 ],
 [0.165718, 0.      , 0.585063],
 [0.35341 , 0.585063, 0.      ]]
Process ID: 214427
Measurement Description: Hessian Block Interaction Measurement

[[ 0.      , 79.48851 , 31.260366, 59.183052,  8.787494, 43.88759 ],
 [79.48851 ,  0.      , 56.54457 , 28.921944, 43.428055, 21.35381 ],
 [31.260366, 56.54457 ,  0.      , 26.322678, 21.248264, 17.355167],
 [59.183052, 28.921944, 26.322678,  0.      ,  1.737646,  4.724381],
 [ 8.787494, 43.428055, 21.248264,  1.737646,  0.      , 56.565674],
 [43.88759 , 21.35381 , 17.355167,  4.724381, 56.565674,  0.      ]]
[[  0.      ,  89.61524 ,  36.670586,  65.62338 , 104.59836 , 132.86783 ],
 [ 89.61524 ,   0.      , 102.690796,  43.87738 , 119.19141 ,  22.244392],
 [ 36.670586, 102.690796,   0.      ,  19.43184 , 103.52169 ,  64.227356],
 [ 65.62338 ,  43.87738 ,  19.43184 ,   0.      ,  10.140641, 120.45031 ],
 [104.59836 , 119.19141 , 103.52169 ,  10.140641,   0.      , 315.85138 ],
 [132.86783 ,  22.244392,  64.227356, 120.45031 , 315.85138 ,   0.      ]]
[[  0.      , 219.59946 ,  86.52902 , 233.46774 , 423.51517 , 264.28052 ],
 [219.59946 ,   0.      , 303.61227 , 229.69734 , 316.60114 , 275.35498 ],
 [ 86.52902 , 303.61227 ,   0.      , 153.87723 , 119.62387 ,  29.535275],
 [233.46774 , 229.69734 , 153.87723 ,   0.      , 201.89415 ,  10.041932],
 [423.51517 , 316.60114 , 119.62387 , 201.89415 ,   0.      , 604.5027  ],
 [264.28052 , 275.35498 ,  29.535275,  10.041932, 604.5027  ,   0.      ]]
[[  0.      ,  72.578354,  24.910849,  96.35252 , 259.94913 , 182.23799 ],
 [ 72.578354,   0.      , 188.98468 , 150.40694 , 219.83905 , 276.88623 ],
 [ 24.910849, 188.98468 ,   0.      ,   1.389067,  16.211853,  31.641216],
 [ 96.35252 , 150.40694 ,   1.389067,   0.      , 209.17366 , 252.50815 ],
 [259.94913 , 219.83905 ,  16.211853, 209.17366 ,   0.      , 998.4384  ],
 [182.23799 , 276.88623 ,  31.641216, 252.50815 , 998.4384  ,   0.      ]]
[[   0.      ,  212.478   ,   56.142647,  189.57889 ,  475.5905  ,
   171.33492 ],
 [ 212.478   ,    0.      ,  240.54276 ,  111.79065 ,  430.55408 ,
   577.9964  ],
 [  56.142647,  240.54276 ,    0.      ,   37.477917,   95.26766 ,
   116.17246 ],
 [ 189.57889 ,  111.79065 ,   37.477917,    0.      ,  136.64217 ,
   379.9391  ],
 [ 475.5905  ,  430.55408 ,   95.26766 ,  136.64217 ,    0.      ,
  1474.6066  ],
 [ 171.33492 ,  577.9964  ,  116.17246 ,  379.9391  , 1474.6066  ,
     0.      ]]
Process ID: 217662
Measurement Description: Hessian Block Interaction Measurement

[[0.017197, 0.029518, 0.443645],
 [0.029518, 0.032733, 0.068933],
 [0.443645, 0.068933, 0.717895]]
Process ID: 217875
Measurement Description: Hessian Block Interaction Measurement

[[ 208.38873 ,  223.2689  ,  267.19833 ,   93.55822 ,  296.00278 ,
   254.925   ],
 [ 223.2689  ,  288.00623 ,  113.99309 ,  131.16417 ,   65.20328 ,
    21.238792],
 [ 267.19833 ,  113.99309 ,  358.20676 ,  240.47757 ,  293.68564 ,
   360.46826 ],
 [  93.55822 ,  131.16417 ,  240.47757 ,  293.14093 ,  383.0772  ,
   393.40637 ],
 [ 296.00278 ,   65.20328 ,  293.68564 ,  383.0772  , 1066.4515  ,
  1076.8534  ],
 [ 254.925   ,   21.238792,  360.46826 ,  393.40637 , 1076.8534  ,
  1640.8843  ]]
[[321.5783 , 394.95718, 402.5374 , 133.60973, 369.9507 , 316.39972],
 [394.95718, 571.3596 , 367.9729 , 241.25584, 234.04819, 258.3303 ],
 [402.5374 , 367.9729 , 700.8562 , 117.43881, 520.5682 , 332.36758],
 [133.60973, 241.25584, 117.43881, 380.28323, 376.39264, 318.90875],
 [369.9507 , 234.04819, 520.5682 , 376.39264, 793.42834, 703.00085],
 [316.39972, 258.3303 , 332.36758, 318.90875, 703.00085, 792.3213 ]]
[[108.30123 , 148.09933 , 117.908615, 103.36116 , 173.00365 , 160.6152  ],
 [148.09933 , 204.89427 ,  90.13669 , 176.11829 ,  57.267292,  36.803024],
 [117.908615,  90.13669 , 230.99698 ,   3.173962, 190.13461 , 184.29852 ],
 [103.36116 , 176.11829 ,   3.173962, 202.70633 , 192.31271 , 261.78143 ],
 [173.00365 ,  57.267292, 190.13461 , 192.31271 , 685.4389  , 552.646   ],
 [160.6152  ,  36.803024, 184.29852 , 261.78143 , 552.646   , 478.18982 ]]
[[126.229675, 146.88367 , 120.31038 ,  97.77166 , 152.33766 ,  59.53756 ],
 [146.88367 , 185.01318 ,  15.567201,   6.864768,  46.81462 ,  35.290955],
 [120.31038 ,  15.567201, 152.70755 ,  65.96341 , 145.0935  , 206.79062 ],
 [ 97.77166 ,   6.864768,  65.96341 , 145.94012 ,  87.006905, 209.28062 ],
 [152.33766 ,  46.81462 , 145.0935  ,  87.006905, 475.70447 , 398.593   ],
 [ 59.53756 ,  35.290955, 206.79062 , 209.28062 , 398.593   , 507.0385  ]]
[[ 63.82459 ,  90.67811 ,  24.24837 ,  12.547701,  93.118706,  99.416245],
 [ 90.67811 , 130.0485  ,  13.687399,  11.383913,  22.813442, 142.31961 ],
 [ 24.24837 ,  13.687399, 102.064285,   8.451063,  58.80189 ,   6.661901],
 [ 12.547701,  11.383913,   8.451063,  95.5701  ,  70.05191 , 147.49501 ],
 [ 93.118706,  22.813442,  58.80189 ,  70.05191 , 325.1918  , 274.3703  ],
 [ 99.416245, 142.31961 ,   6.661901, 147.49501 , 274.3703  , 286.52014 ]]
Process ID: 221008
Measurement Description: Hessian Block Interaction Measurement

Process ID: 221215
Measurement Description: Hessian Block Interaction Measurement

[[251.60657 , 102.973946, 109.35968 , 165.49698 ],
 [102.973946,  50.813988,  27.126684,  73.492134],
 [109.35968 ,  27.126684, 191.13522 , 190.56357 ],
 [165.49698 ,  73.492134, 190.56357 , 400.00687 ]]
Process ID: 221914
Measurement Description: Hessian Block Interaction Measurement

[[13.334427,  5.223463, 15.197258,  8.965105],
 [ 5.223463, 59.18407 , 32.818336, 18.612589],
 [15.197258, 32.818336, 19.120451,  8.803908],
 [ 8.965105, 18.612589,  8.803908, 14.466079]]
[[129.2174  ,  45.778717,  25.927029,  52.481853],
 [ 45.778717,  56.074455,  35.548893,  23.970558],
 [ 25.927029,  35.548893,  34.78762 ,  18.133568],
 [ 52.481853,  23.970558,  18.133568,  54.44746 ]]
[[141.52704 ,  12.556138,   5.125122,  40.20864 ],
 [ 12.556138,  85.30548 ,  48.484867,  41.160057],
 [  5.125122,  48.484867,  42.41441 ,  10.378542],
 [ 40.20864 ,  41.160057,  10.378542,  92.00477 ]]
[[ 60.71195 ,   8.684391,   6.465481,  32.989162],
 [  8.684391,  63.38984 ,  47.128284,  28.664747],
 [  6.465481,  47.128284,  52.95485 ,   1.419601],
 [ 32.989162,  28.664747,   1.419601, 114.92479 ]]
[[ 36.652683,  18.714073,   3.602801,  39.89579 ],
 [ 18.714073,  65.32047 ,  48.210457,  45.374725],
 [  3.602801,  48.210457,  73.78729 ,  46.733704],
 [ 39.89579 ,  45.374725,  46.733704, 156.04434 ]]
[[142.03564 ,   7.991339,  27.7032  ,  74.17484 ],
 [  7.991339,  98.75137 ,  64.84683 ,  42.405052],
 [ 27.7032  ,  64.84683 ,  70.49693 ,  96.32078 ],
 [ 74.17484 ,  42.405052,  96.32078 , 192.02347 ]]
[[149.27481 ,  96.63361 ,   2.297909,  42.794617],
 [ 96.63361 , 110.81831 ,  77.042625,  24.1888  ],
 [  2.297909,  77.042625, 157.33803 ,  90.99399 ],
 [ 42.794617,  24.1888  ,  90.99399 , 222.71268 ]]
[[ 32.317547,  38.895153,   9.195814,  33.997337],
 [ 38.895153,  74.37733 ,  61.903786,  82.85199 ],
 [  9.195814,  61.903786, 126.21883 ,  92.32123 ],
 [ 33.997337,  82.85199 ,  92.32123 , 282.07178 ]]
[[ 28.384262,  25.37376 ,  23.932   ,  18.730104],
 [ 25.37376 ,  93.40701 ,  72.54324 , 101.83835 ],
 [ 23.932   ,  72.54324 , 105.266525,  90.56792 ],
 [ 18.730104, 101.83835 ,  90.56792 , 290.9654  ]]
[[ 88.12536 ,  79.997986,   5.857889,  69.71832 ],
 [ 79.997986, 100.9426  ,  70.08617 ,  61.225246],
 [  5.857889,  70.08617 , 112.9299  , 126.35103 ],
 [ 69.71832 ,  61.225246, 126.35103 , 349.70346 ]]
[[149.47633 ,  56.544132,  90.120895,  26.7062  ],
 [ 56.544132, 188.61794 , 127.26073 ,  59.599686],
 [ 90.120895, 127.26073 , 129.70866 ,  59.11291 ],
 [ 26.7062  ,  59.599686,  59.11291 , 352.34528 ]]
[[ 48.49523 ,  12.171146,  34.28788 ,   6.341988],
 [ 12.171146,  85.60278 ,  74.3317  ,  82.91231 ],
 [ 34.28788 ,  74.3317  , 102.67345 , 137.52792 ],
 [  6.341988,  82.91231 , 137.52792 , 296.5133  ]]
[[132.2736  ,  77.85341 ,  86.95481 , 105.04667 ],
 [ 77.85341 , 119.11354 ,  99.50722 ,  92.4255  ],
 [ 86.95481 ,  99.50722 , 127.727936, 161.3888  ],
 [105.04667 ,  92.4255  , 161.3888  , 378.0307  ]]
[[103.50061 , 100.00536 ,  42.14762 , 109.93345 ],
 [100.00536 , 108.449715,  90.065765, 125.630905],
 [ 42.14762 ,  90.065765, 121.77118 , 156.83998 ],
 [109.93345 , 125.630905, 156.83998 , 380.76123 ]]
[[133.88828, 105.8757 ,  75.4366 , 108.91638],
 [105.8757 ,  99.27757,  78.35033,  88.52625],
 [ 75.4366 ,  78.35033, 134.30006, 180.43536],
 [108.91638,  88.52625, 180.43536, 429.10675]]
[[125.974915, 102.885155,  56.48853 , 121.277275],
 [102.885155, 122.17057 , 106.44805 ,  75.587166],
 [ 56.48853 , 106.44805 , 148.81595 , 163.62003 ],
 [121.277275,  75.587166, 163.62003 , 396.35873 ]]
[[125.001305,  97.90761 ,  45.09307 ,  99.889404],
 [ 97.90761 , 107.8201  ,  87.75535 , 118.0106  ],
 [ 45.09307 ,  87.75535 , 126.86259 , 167.66211 ],
 [ 99.889404, 118.0106  , 167.66211 , 418.9572  ]]
[[137.42091, 119.95684,  67.94688, 133.55655],
 [119.95684, 113.3439 ,  66.42745, 128.7448 ],
 [ 67.94688,  66.42745, 147.61005, 188.80142],
 [133.55655, 128.7448 , 188.80142, 417.1316 ]]
[[104.71024 ,  35.16031 ,  31.487873,  30.632189],
 [ 35.16031 ,  82.35917 ,  78.461395,  77.067924],
 [ 31.487873,  78.461395, 125.22595 , 173.18031 ],
 [ 30.632189,  77.067924, 173.18031 , 505.854   ]]
[[129.3688  ,   3.953915,  47.779392,  68.77424 ],
 [  3.953915, 142.50632 , 116.91959 , 173.41171 ],
 [ 47.779392, 116.91959 , 145.01578 , 175.1854  ],
 [ 68.77424 , 173.41171 , 175.1854  , 562.0852  ]]
[[ 92.11473 ,  84.57956 ,  42.815018, 109.90016 ],
 [ 84.57956 ,  90.61095 ,  19.49451 ,  28.190657],
 [ 42.815018,  19.49451 , 125.851585, 177.82518 ],
 [109.90016 ,  28.190657, 177.82518 , 389.4134  ]]
[[100.169846,  91.49684 ,  61.589626,  79.232475],
 [ 91.49684 ,  93.56644 ,  68.12484 , 102.90943 ],
 [ 61.589626,  68.12484 , 149.35915 , 195.81924 ],
 [ 79.232475, 102.90943 , 195.81924 , 460.05518 ]]
[[194.51558 , 159.48985 ,  40.91098 , 185.24377 ],
 [159.48985 , 141.86984 ,  34.680656,  95.65607 ],
 [ 40.91098 ,  34.680656, 126.18466 , 182.32503 ],
 [185.24377 ,  95.65607 , 182.32503 , 397.23563 ]]
[[207.43994 , 138.86458 ,  27.563597, 138.75418 ],
 [138.86458 , 145.21227 ,  46.4541  ,  63.47811 ],
 [ 27.563597,  46.4541  , 144.71175 , 204.50616 ],
 [138.75418 ,  63.47811 , 204.50616 , 478.9835  ]]
[[107.79823 , 101.56743 ,  51.87545 ,  39.983772],
 [101.56743 , 108.57668 ,  11.770498, 113.159164],
 [ 51.87545 ,  11.770498, 147.26038 , 214.72287 ],
 [ 39.983772, 113.159164, 214.72287 , 487.26984 ]]
[[ 93.33056,  77.23286,  45.51504, 113.43771],
 [ 77.23286,  86.21714,  69.58882,  34.5401 ],
 [ 45.51504,  69.58882, 140.2362 , 210.01707],
 [113.43771,  34.5401 , 210.01707, 484.28967]]
[[114.13426 ,  83.69989 ,  45.79281 ,  92.26143 ],
 [ 83.69989 ,  93.09093 ,  16.098564, 108.51761 ],
 [ 45.79281 ,  16.098564, 148.97443 , 209.70934 ],
 [ 92.26143 , 108.51761 , 209.70934 , 418.82312 ]]
[[105.08068 ,  98.01196 ,  35.586468, 149.27385 ],
 [ 98.01196 , 107.64173 ,  25.851763, 111.13199 ],
 [ 35.586468,  25.851763, 150.12494 , 195.58731 ],
 [149.27385 , 111.13199 , 195.58731 , 457.6015  ]]
[[224.24539 , 130.82968 ,  17.873863, 165.25688 ],
 [130.82968 , 155.99979 ,  14.656988,  42.696632],
 [ 17.873863,  14.656988, 136.51611 , 203.58737 ],
 [165.25688 ,  42.696632, 203.58737 , 535.99805 ]]
[[126.244804,  99.12624 , 100.018585, 144.86023 ],
 [ 99.12624 , 111.89551 ,  86.4865  , 152.81693 ],
 [100.018585,  86.4865  , 194.49457 , 238.32031 ],
 [144.86023 , 152.81693 , 238.32031 , 501.7539  ]]
[[118.56873 ,  52.257122,  41.821217,  50.268246],
 [ 52.257122,  98.49394 ,   7.466411, 137.21527 ],
 [ 41.821217,   7.466411, 142.74615 , 185.65646 ],
 [ 50.268246, 137.21527 , 185.65646 , 493.51776 ]]
[[131.81308 ,  62.01796 ,  49.955654,  10.114456],
 [ 62.01796 , 112.510704, 106.748764,  62.48497 ],
 [ 49.955654, 106.748764, 143.34268 , 186.43988 ],
 [ 10.114456,  62.48497 , 186.43988 , 483.55795 ]]
[[ 94.50167 ,  75.87769 ,  65.25664 , 127.03862 ],
 [ 75.87769 ,  94.563896,  21.688683,  97.095856],
 [ 65.25664 ,  21.688683, 158.49219 , 102.861694],
 [127.03862 ,  97.095856, 102.861694, 567.4821  ]]
[[ 93.388336,  74.48077 ,  66.15437 ,   2.671112],
 [ 74.48077 ,  91.11247 ,   8.220209, 125.777756],
 [ 66.15437 ,   8.220209, 154.9798  , 209.1641  ],
 [  2.671112, 125.777756, 209.1641  , 492.03067 ]]
[[225.27855 , 155.47472 ,  39.455418,  92.60575 ],
 [155.47472 , 148.40411 ,  86.30681 , 129.67163 ],
 [ 39.455418,  86.30681 , 163.17545 , 228.30212 ],
 [ 92.60575 , 129.67163 , 228.30212 , 477.25397 ]]
[[114.913284,  39.376453,  10.993553, 154.58319 ],
 [ 39.376453,  94.27881 ,  93.9486  , 149.73567 ],
 [ 10.993553,  93.9486  , 166.00685 , 180.67874 ],
 [154.58319 , 149.73567 , 180.67874 , 551.4854  ]]
[[ 74.38809 ,  65.6933  ,  64.868004,  12.765614],
 [ 65.6933  ,  79.510895,  21.108746, 106.11541 ],
 [ 64.868004,  21.108746, 170.09747 , 240.37848 ],
 [ 12.765614, 106.11541 , 240.37848 , 515.71454 ]]
[[111.89354,  96.25809,  89.63396,  98.7052 ],
 [ 96.25809, 103.22638,  94.90805, 154.28131],
 [ 89.63396,  94.90805, 183.2904 , 167.97784],
 [ 98.7052 , 154.28131, 167.97784, 560.19934]]
[[ 85.400444,  67.724976,  66.26357 , 115.47182 ],
 [ 67.724976, 103.538445,  72.53037 ,  55.47484 ],
 [ 66.26357 ,  72.53037 , 168.8385  ,  63.083782],
 [115.47182 ,  55.47484 ,  63.083782, 581.0155  ]]
[[ 82.01202 ,  55.79823 ,   6.080492,  36.04405 ],
 [ 55.79823 ,  76.30339 ,  99.83108 ,  91.70368 ],
 [  6.080492,  99.83108 , 160.60963 , 208.1405  ],
 [ 36.04405 ,  91.70368 , 208.1405  , 463.71783 ]]
[[100.46562 ,  70.68787 ,  33.392952, 124.85541 ],
 [ 70.68787 ,  92.373825,  89.08516 ,  69.75967 ],
 [ 33.392952,  89.08516 , 153.913   , 106.99054 ],
 [124.85541 ,  69.75967 , 106.99054 , 488.7096  ]]
[[ 94.20628 ,  14.39913 ,   6.23459 , 122.59277 ],
 [ 14.39913 ,  89.701355,  22.453033,  15.156178],
 [  6.23459 ,  22.453033, 160.74675 , 138.00183 ],
 [122.59277 ,  15.156178, 138.00183 , 463.81183 ]]
[[114.71895 , 115.965866,   7.598269, 122.987915],
 [115.965866, 166.53171 ,  75.247955, 126.84137 ],
 [  7.598269,  75.247955, 150.58304 ,  24.443136],
 [122.987915, 126.84137 ,  24.443136, 505.22772 ]]
[[125.7571  ,  82.185295,  81.156364, 152.37134 ],
 [ 82.185295, 101.99968 , 101.1055  ,  97.487335],
 [ 81.156364, 101.1055  , 166.60327 ,   8.999102],
 [152.37134 ,  97.487335,   8.999102, 626.59894 ]]
[[127.43118 ,  17.94578 ,  26.39528 , 111.25843 ],
 [ 17.94578 , 110.42689 ,  73.539314,  64.46565 ],
 [ 26.39528 ,  73.539314, 160.97379 ,  19.501158],
 [111.25843 ,  64.46565 ,  19.501158, 608.56885 ]]
[[ 91.70071,  71.10549,  71.59779, 122.36948],
 [ 71.10549,  83.6582 , 105.99881, 139.29785],
 [ 71.59779, 105.99881, 186.01056, 186.20227],
 [122.36948, 139.29785, 186.20227, 577.65045]]
[[101.06087 ,  79.734146,  67.57597 , 131.63193 ],
 [ 79.734146,  91.52911 ,  80.544846,  54.43978 ],
 [ 67.57597 ,  80.544846, 152.0312  , 105.49402 ],
 [131.63193 ,  54.43978 , 105.49402 , 492.57574 ]]
[[109.36232 ,  72.61208 ,  89.009224,  45.968792],
 [ 72.61208 ,  99.52029 ,  95.18675 ,  64.843636],
 [ 89.009224,  95.18675 , 149.20819 , 199.39584 ],
 [ 45.968792,  64.843636, 199.39584 , 542.85645 ]]
[[102.97751 ,  86.98222 ,  64.856064,  31.628622],
 [ 86.98222 , 104.36251 , 117.80698 ,  68.21588 ],
 [ 64.856064, 117.80698 , 167.91539 , 184.96432 ],
 [ 31.628622,  68.21588 , 184.96432 , 524.3827  ]]
[[ 92.74245 ,  79.14393 ,  62.489445, 120.13105 ],
 [ 79.14393 ,  94.91766 ,  91.6073  ,  85.872925],
 [ 62.489445,  91.6073  , 180.44481 , 136.84792 ],
 [120.13105 ,  85.872925, 136.84792 , 575.3074  ]]
[[ 91.60979 ,  84.75275 ,  86.23426 , 140.22089 ],
 [ 84.75275 , 100.611916,  82.64548 ,  96.77596 ],
 [ 86.23426 ,  82.64548 , 149.94794 , 197.69357 ],
 [140.22089 ,  96.77596 , 197.69357 , 643.49854 ]]
[[ 84.38291 ,  65.63787 ,  44.374527,  37.57554 ],
 [ 65.63787 ,  88.221214,  54.538467,  33.97799 ],
 [ 44.374527,  54.538467, 137.58063 , 135.89105 ],
 [ 37.57554 ,  33.97799 , 135.89105 , 477.6378  ]]
[[166.90143 , 167.0217  ,  59.418797,  34.149944],
 [167.0217  , 209.73593 ,  18.282768, 147.99084 ],
 [ 59.418797,  18.282768, 184.42715 ,  95.75848 ],
 [ 34.149944, 147.99084 ,  95.75848 , 683.42316 ]]
[[100.67165 ,  70.13536 ,  27.332214, 142.94083 ],
 [ 70.13536 ,  86.76697 ,  89.65032 , 145.71904 ],
 [ 27.332214,  89.65032 , 167.38818 ,  29.889572],
 [142.94083 , 145.71904 ,  29.889572, 600.43225 ]]
[[101.953926,  88.373314,  74.583466, 158.46306 ],
 [ 88.373314, 105.3831  ,  77.34422 ,  25.077423],
 [ 74.583466,  77.34422 , 177.72665 ,  31.906178],
 [158.46306 ,  25.077423,  31.906178, 595.76416 ]]
[[223.9127  , 157.40256 ,  51.75709 , 210.32623 ],
 [157.40256 , 149.21767 ,  89.42691 ,  15.213304],
 [ 51.75709 ,  89.42691 , 189.93797 ,  20.24665 ],
 [210.32623 ,  15.213304,  20.24665 , 614.7091  ]]
[[ 70.59053 ,  58.673393,  55.320274, 109.8934  ],
 [ 58.673393,  88.05914 ,  77.36631 ,  32.15187 ],
 [ 55.320274,  77.36631 , 165.37852 ,  11.467705],
 [109.8934  ,  32.15187 ,  11.467705, 606.1811  ]]
[[ 74.225784,  58.906097,  30.789413, 115.182655],
 [ 58.906097,  74.61698 ,  11.261816,  18.29127 ],
 [ 30.789413,  11.261816, 171.73474 , 184.5727  ],
 [115.182655,  18.29127 , 184.5727  , 512.2744  ]]
[[ 70.03216 ,  64.47832 ,  58.23005 ,  34.776028],
 [ 64.47832 ,  85.36911 ,  37.02463 ,  87.79392 ],
 [ 58.23005 ,  37.02463 , 156.75893 ,  73.62961 ],
 [ 34.776028,  87.79392 ,  73.62961 , 506.89197 ]]
[[ 76.97033 ,  58.742966,  65.83734 ,  48.139282],
 [ 58.742966,  69.57652 ,  18.772219,  14.714214],
 [ 65.83734 ,  18.772219, 129.60266 ,  22.140522],
 [ 48.139282,  14.714214,  22.140522, 496.54895 ]]
[[ 76.87454 ,  44.838478,  80.688484,  18.681604],
 [ 44.838478,  92.29675 , 101.079285,  93.68552 ],
 [ 80.688484, 101.079285, 168.3135  , 138.13222 ],
 [ 18.681604,  93.68552 , 138.13222 , 574.9535  ]]
[[ 81.130646,  62.35694 ,  36.416054,  19.520277],
 [ 62.35694 ,  77.14848 ,  84.26901 ,  43.351795],
 [ 36.416054,  84.26901 , 204.81253 , 245.75089 ],
 [ 19.520277,  43.351795, 245.75089 , 446.01758 ]]
[[ 84.49396 ,  77.06746 ,  85.15276 , 107.29459 ],
 [ 77.06746 , 102.72681 ,  33.73918 ,  26.025011],
 [ 85.15276 ,  33.73918 , 178.98196 ,  58.981133],
 [107.29459 ,  26.025011,  58.981133, 566.35626 ]]
[[ 92.63798 ,  63.057747,  49.393417, 120.813385],
 [ 63.057747,  79.079666,  72.35841 ,   7.290016],
 [ 49.393417,  72.35841 , 154.72263 ,  79.84148 ],
 [120.813385,   7.290016,  79.84148 , 545.1499  ]]
Process ID: 232631
Measurement Description: Hessian Block Interaction Measurement

[[ 9.783325,  6.493736,  8.496268, 11.862916],
 [ 6.493736,  9.499737,  4.812603, 12.79439 ],
 [ 8.496268,  4.812603, 27.965433, 29.472765],
 [11.862916, 12.79439 , 29.472765, 66.733925]]
Process ID: 233293
Measurement Description: Hessian Block Interaction Measurement

[[1.323512, 1.444394, 0.477318, 1.962428],
 [1.444394, 1.634761, 2.557152, 0.733406],
 [0.477318, 2.557152, 2.617203, 2.894073],
 [1.962428, 0.733406, 2.894073, 2.55514 ]]
[[     nan,      nan,      nan,      nan],
 [     nan,      nan,      nan,      nan],
 [     nan,      nan, 0.015807, 0.022136],
 [     nan,      nan, 0.022136, 0.115257]]
Process ID: 233672
Measurement Description: Hessian Block Interaction Measurement

[[0.317222, 1.286813, 0.085104, 1.344339],
 [1.286813, 0.876415, 0.62448 , 1.196607],
 [0.085104, 0.62448 , 2.772898, 2.27228 ],
 [1.344339, 1.196607, 2.27228 , 2.557925]]
[[  9.106123,   3.763905,   8.993536,  10.731992],
 [  3.763905,  12.658719,  18.524815,  24.388716],
 [  8.993536,  18.524815,  56.18088 ,  24.171185],
 [ 10.731992,  24.388716,  24.171185, 140.88368 ]]
[[ 13.072352,   7.234397,   4.060895,  21.272858],
 [  7.234397,  15.875311,   7.20636 ,  26.13646 ],
 [  4.060895,   7.20636 ,  51.656437,  29.216625],
 [ 21.272858,  26.13646 ,  29.216625, 105.409645]]
[[ 6.569566,  5.292629, 10.407923,  3.577259],
 [ 5.292629,  5.405566,  2.820513,  4.40114 ],
 [10.407923,  2.820513, 32.845455, 12.216709],
 [ 3.577259,  4.40114 , 12.216709, 73.95057 ]]
[[ 2.430352,  2.879171,  1.38008 ,  1.840241],
 [ 2.879171,  4.223217,  7.888993,  9.827964],
 [ 1.38008 ,  7.888993, 28.61343 ,  8.509454],
 [ 1.840241,  9.827964,  8.509454, 50.49494 ]]
[[ 2.790336,  0.850436,  4.699903,  4.142862],
 [ 0.850436,  4.004841,  7.679723,  7.279041],
 [ 4.699903,  7.679723, 27.09222 , 29.435356],
 [ 4.142862,  7.279041, 29.435356, 50.684322]]
[[ 3.998876,  2.728222,  6.873888,  6.546845],
 [ 2.728222,  5.019254,  0.934642,  7.807124],
 [ 6.873888,  0.934642, 28.741217, 21.622618],
 [ 6.546845,  7.807124, 21.622618, 47.617043]]
[[ 2.824899,  1.192129,  1.677775,  5.534816],
 [ 1.192129,  2.83802 ,  3.306891,  6.589314],
 [ 1.677775,  3.306891, 12.737404,  5.640435],
 [ 5.534816,  6.589314,  5.640435, 37.34953 ]]
[[ 1.385171,  1.434819,  1.365118,  0.838599],
 [ 1.434819,  2.429182,  0.648998,  3.071209],
 [ 1.365118,  0.648998, 12.129444,  8.663737],
 [ 0.838599,  3.071209,  8.663737, 23.082117]]
[[ 2.264195,  2.029261,  1.52227 ,  2.05344 ],
 [ 2.029261,  2.633092,  2.406891,  1.44554 ],
 [ 1.52227 ,  2.406891, 10.276136,  3.773714],
 [ 2.05344 ,  1.44554 ,  3.773714, 18.581514]]
[[ 1.024258,  1.114961,  0.033524,  0.919472],
 [ 1.114961,  1.761789,  0.177954,  1.982248],
 [ 0.033524,  0.177954,  8.644941,  6.54482 ],
 [ 0.919472,  1.982248,  6.54482 , 19.046679]]
Process ID: 234580
Measurement Description: Hessian Block Interaction Measurement

[[0.013873, 0.077896, 0.068501, 0.101758],
 [0.077896, 0.13064 , 0.009439, 0.012265],
 [0.068501, 0.009439, 0.110816, 0.054178],
 [0.101758, 0.012265, 0.054178, 0.120346]]
[[  46.637093,   40.695988,   56.910767,    5.370344],
 [  40.695988,   76.69432 ,   73.75409 ,   49.949505],
 [  56.910767,   73.75409 ,   86.93077 ,  145.65535 ],
 [   5.370344,   49.949505,  145.65535 , 1025.4379  ]]
[[ 23.101158,  10.034821,  27.878386,  13.720268],
 [ 10.034821,  37.69618 ,  26.697498,  54.860016],
 [ 27.878386,  26.697498,  54.45927 , 111.03355 ],
 [ 13.720268,  54.860016, 111.03355 , 429.02698 ]]
Process ID: 265019
Measurement Description: Hessian Block Interaction Measurement

Process ID: 268847
Measurement Description: Hessian Block Interaction Measurement

[[0.005048, 0.053142, 0.003205, 0.011271, 0.001402, 0.008866, 0.009229,
  0.006401],
 [0.053142, 0.058933, 0.003229, 0.10806 , 0.00453 , 0.027211, 0.024912,
  0.012814],
 [0.003205, 0.003229, 0.042158, 0.031309, 0.005011, 0.031706, 0.022584,
  0.015533],
 [0.011271, 0.10806 , 0.031309, 0.03133 , 0.008   , 0.047774, 0.042668,
  0.00676 ],
 [0.001402, 0.00453 , 0.005011, 0.008   , 0.002264, 0.021566, 0.043606,
  0.009771],
 [0.008866, 0.027211, 0.031706, 0.047774, 0.021566, 0.080119, 0.085301,
  0.044246],
 [0.009229, 0.024912, 0.022584, 0.042668, 0.043606, 0.085301, 0.064409,
  0.081538],
 [0.006401, 0.012814, 0.015533, 0.00676 , 0.009771, 0.044246, 0.081538,
  0.030619]]
Process ID: 269579
Measurement Description: Hessian Block Interaction Measurement

[[0.160922, 0.075347, 0.059713, 0.091774],
 [0.075347, 0.111224, 0.013674, 0.095087],
 [0.059713, 0.013674, 0.211126, 0.231882],
 [0.091774, 0.095087, 0.231882, 0.102735]]
[[1.001915, 0.046843, 0.159503, 0.10453 ],
 [0.046843, 4.92949 , 0.305377, 4.449511],
 [0.159503, 0.305377, 0.723235, 0.875108],
 [0.10453 , 4.449511, 0.875108, 6.850598]]
[[2.136825, 0.763237, 1.129917, 1.379661],
 [0.763237, 5.694187, 0.131575, 5.7137  ],
 [1.129917, 0.131575, 0.725474, 0.623857],
 [1.379661, 5.7137  , 0.623857, 8.072185]]
[[2.048404, 0.162625, 0.8436  , 0.249087],
 [0.162625, 6.357979, 0.960181, 6.107735],
 [0.8436  , 0.960181, 1.008312, 0.148474],
 [0.249087, 6.107735, 0.148474, 9.15503 ]]
Process ID: 273885
Measurement Description: Hessian Block Interaction Measurement

[[0.06856 , 0.10985 , 0.015289, 0.033473, 0.021696, 0.016864],
 [0.10985 , 0.020387, 0.007025, 0.024146, 0.025123, 0.017913],
 [0.015289, 0.007025, 0.101442, 0.15178 , 0.06815 , 0.013848],
 [0.033473, 0.024146, 0.15178 , 0.053126, 0.032618, 0.017889],
 [0.021696, 0.025123, 0.06815 , 0.032618, 0.110018, 0.135052],
 [0.016864, 0.017913, 0.013848, 0.017889, 0.135052, 0.042002]]
[[0.782724, 1.157627, 0.477809, 0.375869, 0.833755, 0.258534],
 [1.157627, 3.995346, 1.404882, 0.368141, 0.626723, 1.289131],
 [0.477809, 1.404882, 1.658327, 0.920496, 1.273317, 0.623241],
 [0.375869, 0.368141, 0.920496, 2.243325, 0.33458 , 1.022917],
 [0.833755, 0.626723, 1.273317, 0.33458 , 1.099594, 0.201219],
 [0.258534, 1.289131, 0.623241, 1.022917, 0.201219, 0.756072]]
[[0.425666, 0.522054, 0.485248, 0.269101, 0.258088, 0.295253],
 [0.522054, 5.243801, 1.415069, 0.902933, 0.447625, 0.666549],
 [0.485248, 1.415069, 1.202298, 0.780035, 0.098843, 0.685987],
 [0.269101, 0.902933, 0.780035, 2.801384, 0.307797, 1.196707],
 [0.258088, 0.447625, 0.098843, 0.307797, 0.253268, 0.196214],
 [0.295253, 0.666549, 0.685987, 1.196707, 0.196214, 1.038353]]
[[0.454506, 0.508513, 0.317688, 0.318111, 0.336807, 0.245953],
 [0.508513, 6.120165, 0.413066, 0.297956, 1.56284 , 0.633071],
 [0.317688, 0.413066, 0.728759, 0.304304, 0.221859, 0.462198],
 [0.318111, 0.297956, 0.304304, 3.099705, 1.170349, 0.089387],
 [0.336807, 1.56284 , 0.221859, 1.170349, 0.993819, 0.260065],
 [0.245953, 0.633071, 0.462198, 0.089387, 0.260065, 1.193636]]
Process ID: 276242
Measurement Description: Hessian Block Interaction Measurement

Process ID: 276472
Measurement Description: Hessian Block Interaction Measurement

[[1.      , 0.831611, 0.548548, 0.236778, 0.580902, 0.14757 ],
 [1.883844, 1.      , 0.312395, 0.502792, 1.096931, 0.009929],
 [0.510322, 0.128295, 1.      , 0.753473, 0.581939, 0.171902],
 [0.679062, 0.636549, 2.322771, 1.      , 1.54653 , 0.012641],
 [0.553929, 0.461749, 0.596484, 0.51421 , 1.      , 1.201764],
 [0.63987 , 0.019005, 0.801209, 0.019111, 5.464656, 1.      ]]
[[1.      , 0.13848 , 1.133345, 0.217528, 0.329238, 0.036337],
 [0.07851 , 1.      , 0.683738, 0.010677, 0.146715, 0.109879],
 [0.794095, 0.845007, 1.      , 0.250877, 0.045489, 0.184383],
 [0.106263, 0.0092  , 0.174911, 1.      , 0.225009, 0.781162],
 [0.456135, 0.358523, 0.089945, 0.63814 , 1.      , 0.822479],
 [0.020125, 0.10734 , 0.145747, 0.885648, 0.328798, 1.      ]]
[[1.      , 0.919719, 0.097552, 0.85818 , 0.577524, 1.8383  ],
 [0.121459, 1.      , 0.302104, 0.783285, 0.209875, 0.465569],
 [0.044711, 1.048469, 1.      , 0.814892, 0.193368, 1.010458],
 [0.11281 , 0.779676, 0.23372 , 1.      , 0.207872, 0.96307 ],
 [0.768413, 2.114518, 0.561353, 2.104033, 1.      , 1.655807],
 [0.266826, 0.511708, 0.320005, 1.063412, 0.180633, 1.      ]]
[[1.      , 1.580357, 0.202841, 1.450564, 0.47976 , 1.837689],
 [0.242315, 1.      , 0.288193, 0.805891, 0.168307, 0.936294],
 [0.108127, 1.001927, 1.      , 0.807281, 0.323513, 1.098938],
 [0.226608, 0.821086, 0.236584, 1.      , 0.193528, 0.810913],
 [0.804346, 1.840331, 1.017496, 2.07694 , 1.      , 1.912672],
 [0.294643, 0.979064, 0.330537, 0.832263, 0.182914, 1.      ]]
Process ID: 282703
Measurement Description: Hessian Block Interaction Measurement

[[1.      , 0.37275 , 0.218454, 0.048354, 0.046177, 0.073274],
 [1.379548, 1.      , 0.35824 , 0.078546, 0.345636, 0.007746],
 [0.466687, 0.206786, 1.      , 1.275845, 0.0886  , 0.111701],
 [0.181512, 0.079668, 2.241848, 1.      , 0.064708, 0.230043],
 [0.077728, 0.157201, 0.069811, 0.029016, 1.      , 0.243985],
 [0.323109, 0.009229, 0.230563, 0.270231, 0.639157, 1.      ]]
[[1.      , 0.720027, 0.188297, 0.368994, 0.052319, 0.151577],
 [0.569348, 1.      , 0.208425, 0.017198, 0.190698, 0.123853],
 [0.187007, 0.26178 , 1.      , 0.52698 , 0.098402, 0.180132],
 [0.240949, 0.014203, 0.346486, 1.      , 0.233564, 0.06439 ],
 [0.037493, 0.172825, 0.071003, 0.256324, 1.      , 0.563028],
 [0.10113 , 0.104502, 0.12101 , 0.06579 , 0.524187, 1.      ]]
[[1.000000e+00, 1.479144e+00, 2.416354e-01, 1.719711e+00, 3.649127e-01,
  1.108761e+00],
 [1.703390e-01, 1.000000e+00, 4.925180e-02, 3.330771e-02, 2.113626e-01,
  1.773987e-03],
 [8.503414e-02, 1.505051e-01, 1.000000e+00, 9.520866e-01, 3.649266e-03,
  1.777815e-01],
 [1.668402e-01, 2.805991e-02, 2.624756e-01, 1.000000e+00, 1.603266e-01,
  9.624173e-03],
 [2.850918e-02, 1.433904e-01, 8.101556e-04, 1.291089e-01, 1.000000e+00,
  2.553376e-01],
 [1.197902e-01, 1.664295e-03, 5.458045e-02, 1.071770e-02, 3.531039e-01,
  1.000000e+00]]
[[1.      , 1.073234, 0.07569 , 1.586508, 2.561097, 0.776418],
 [0.146879, 1.      , 0.050282, 0.09898 , 0.202541, 0.05376 ],
 [0.074822, 0.363187, 1.      , 1.541294, 0.981086, 0.403366],
 [0.142273, 0.064858, 0.139823, 1.      , 0.065148, 0.106097],
 [0.279545, 0.161537, 0.108329, 0.079295, 1.      , 0.105653],
 [0.079044, 0.039991, 0.041542, 0.120448, 0.098544, 1.      ]]
